CellClass	Gene01	Gene02	Gene03
1	55	75	1
1	57	55	1
1	66	30	0
0	42	66	0
1	74	42	0
0	39	75	0
0	68	50	0
1	63	21	1
1	55	32	1
1	28	76	1
0	34	53	1
1	40	44	1
0	38	37	0
1	35	61	0
1	61	48	1
1	75	53	1
1	71	51	1
1	74	74	1
1	65	48	0
0	20	73	1
0	33	55	0
1	49	53	0
1	31	18	0
1	42	59	1
0	46	24	0
0	29	47	0
1	47	66	1
0	34	61	0
1	69	65	1
1	55	33	1
0	39	59	0
1	66	76	0
0	21	69	1
0	38	74	0
1	76	25	0
1	45	71	1
1	75	57	1
0	25	65	0
1	79	56	0
1	32	75	1
1	51	47	1
1	68	27	0
0	26	76	0
0	18	48	0
0	21	28	0
1	68	62	1
1	50	73	1
1	44	48	1
1	77	55	0
1	68	77	0
1	30	64	1
1	21	20	1
1	46	61	0
1	60	53	1
1	54	58	0
1	76	74	0
0	46	41	1
1	62	54	0
1	57	43	1
1	79	21	0
1	32	36	1
0	36	39	0
1	40	56	1
1	74	32	0
1	76	50	0
1	71	48	0
1	68	70	0
1	44	40	0
1	42	59	0
1	30	64	1
0	28	74	1
1	67	25	0
0	33	26	0
1	45	22	0
1	57	33	1
1	55	42	1
1	43	44	1
1	47	71	0
1	51	37	1
1	57	38	1
1	60	71	1
1	56	52	0
1	69	62	0
1	61	20	0
1	33	69	1
1	67	27	0
1	65	43	0
1	65	38	1
1	31	25	1
1	72	41	0
0	24	52	1
1	37	49	1
1	73	78	0
0	28	78	0
0	44	57	0
1	46	52	1
1	56	48	1
1	78	43	0
1	77	28	0
1	53	39	0
1	60	46	0
1	78	68	1
0	31	31	1
1	70	72	1
1	75	30	0
1	61	35	0
1	67	33	0
1	48	38	1
0	28	59	0
1	47	52	1
1	33	64	1
1	78	62	1
0	27	46	1
1	38	50	1
1	71	68	1
1	60	64	1
1	59	75	0
1	40	63	1
1	76	41	1
0	57	58	0
0	46	80	0
1	49	58	1
1	73	62	0
1	72	58	1
1	39	56	1
1	32	31	1
0	29	67	1
1	58	53	1
1	61	46	1
0	26	76	0
1	32	34	1
0	25	36	0
1	67	78	1
0	38	51	1
0	24	32	0
1	66	63	0
1	78	40	1
1	24	40	0
1	58	68	0
1	60	35	1
1	66	70	1
1	47	55	1
1	79	71	1
0	43	52	0
1	59	45	1
1	79	62	1
1	54	55	1
1	66	20	1
0	33	24	0
1	77	48	0
0	28	24	0
1	68	47	1
1	35	36	1
1	59	50	0
1	77	38	0
1	72	47	0
1	19	64	1
1	30	29	1
1	61	71	1
0	22	73	0
0	25	41	0
1	67	56	0
1	31	21	1
1	24	23	1
0	29	22	0
0	34	52	0
1	80	45	1
1	20	52	1
1	45	51	1
0	37	43	0
1	63	78	1
0	47	54	0
0	41	49	1
1	80	74	0
0	46	80	0
0	29	75	0
1	34	48	1
1	60	70	0
1	78	37	0
0	40	25	0
1	63	76	0
0	39	36	0
0	36	23	1
1	25	73	1
0	23	51	1
1	30	75	1
0	33	80	0
1	45	72	1
1	60	68	1
1	41	68	1
0	19	30	0
0	28	50	0
1	28	43	1
1	43	53	1
1	73	43	1
1	69	22	0
1	56	26	1
1	52	20	1
0	29	19	0
1	69	79	0
1	55	31	0
0	24	61	1
1	49	52	0
1	74	60	1
1	76	60	1
1	40	44	1
1	70	27	0
1	52	76	1
1	48	47	0
0	20	46	0
1	53	71	1
1	77	64	1
1	49	57	0
0	31	37	0
1	50	34	1
0	20	62	0
1	74	26	0
1	51	46	0
1	61	58	1
1	59	30	0
1	78	29	0
1	69	49	0
0	31	22	0
1	64	63	1
1	64	24	1
1	48	58	0
1	75	71	1
0	31	73	1
0	23	70	0
1	74	61	1
0	27	22	0
1	43	61	1
1	74	35	1
1	58	34	0
1	69	76	1
0	40	65	0
1	29	26	1
1	62	72	1
1	42	22	1
1	48	71	1
0	25	71	0
1	70	60	0
1	38	20	1
1	66	72	1
1	55	56	1
0	21	73	1
1	57	51	0
0	26	38	1
1	58	57	1
1	71	57	0
1	35	21	1
1	73	73	1
0	24	23	0
0	39	38	1
1	53	77	1
1	55	59	1
1	33	77	1
1	38	77	1
1	62	65	1
1	69	33	1
0	28	68	0
1	59	62	1
1	64	72	1
1	68	64	0
1	41	54	1
1	68	53	0
1	33	23	1
0	57	69	0
1	70	59	0
0	29	29	1
0	33	37	1
1	39	54	1
1	50	32	0
1	72	70	0
1	65	18	0
1	76	40	0
0	32	51	0
1	70	75	0
1	63	68	1
1	30	74	1
1	41	54	1
1	42	62	0
0	36	44	0
1	65	38	1
0	31	42	0
1	23	64	1
1	57	34	1
1	36	26	1
1	47	63	0
1	77	31	1
0	27	55	1
1	62	41	1
0	40	28	0
1	62	23	1
1	55	38	1
0	22	53	0
1	56	64	0
0	25	56	1
0	31	18	1
1	62	57	0
1	49	63	0
1	64	43	1
0	23	58	1
1	28	41	1
1	75	36	0
1	65	76	1
1	59	21	1
1	55	50	1
0	27	53	0
1	69	47	1
1	74	62	1
1	62	22	0
1	47	32	0
0	44	25	0
1	54	41	1
1	33	65	1
1	53	19	0
0	28	38	0
0	26	61	1
1	70	59	0
1	37	36	1
1	77	23	1
1	46	58	1
0	34	39	0
1	67	58	0
1	52	80	0
0	20	34	1
0	33	68	1
1	59	34	1
1	70	52	1
1	53	75	1
1	20	36	1
1	62	68	1
0	48	30	0
0	37	30	1
1	73	31	1
0	18	58	0
1	45	71	1
0	37	56	0
1	52	31	1
1	51	80	0
1	76	37	1
1	56	35	0
1	76	28	0
1	21	34	1
1	48	73	1
1	67	60	0
1	38	34	1
0	30	54	1
1	69	39	0
1	75	51	0
1	52	65	0
1	73	76	1
0	19	71	0
0	56	67	0
1	24	52	1
1	62	64	0
1	52	27	0
1	66	80	0
1	76	75	1
0	20	30	0
1	66	27	0
1	51	60	1
1	64	74	1
0	57	78	0
1	51	72	0
0	21	58	1
0	35	19	0
0	24	43	0
0	36	58	0
0	24	40	0
1	47	66	1
1	70	59	0
0	32	57	0
1	77	77	1
1	67	76	0
0	21	44	0
0	24	33	1
1	74	39	1
1	44	39	1
1	33	34	1
1	41	24	1
0	43	75	0
0	27	22	0
1	69	49	1
0	28	50	0
0	39	55	0
1	75	24	1
1	78	54	1
1	58	63	0
1	61	40	1
0	31	30	0
1	29	66	1
1	43	68	1
1	54	51	1
1	74	47	1
1	57	66	0
0	25	20	1
1	57	57	1
1	56	50	1
0	30	26	0
1	59	49	1
1	55	72	1
1	48	44	0
1	75	54	0
0	40	33	0
1	55	24	1
0	18	59	1
1	24	32	1
0	25	55	1
1	61	66	1
1	33	75	1
1	44	75	0
1	65	29	1
1	45	64	1
0	22	70	0
0	31	69	0
0	41	66	0
1	68	43	0
0	19	26	0
0	38	33	0
0	40	55	0
1	67	30	1
1	52	71	1
1	58	34	0
1	56	38	0
0	36	26	1
1	71	33	1
1	43	59	1
1	62	23	1
0	26	40	0
0	31	76	1
0	21	50	0
0	53	48	0
0	23	51	0
1	69	27	1
1	59	34	1
0	36	39	0
1	47	31	0
0	33	33	0
1	76	43	1
1	47	57	1
1	51	35	0
1	58	54	0
1	75	39	0
1	79	51	1
0	24	40	0
1	77	78	0
1	45	34	1
0	24	65	0
0	18	21	1
1	41	72	1
1	36	41	1
1	38	45	1
0	29	26	1
1	44	22	1
1	60	48	0
0	29	49	1
0	24	74	1
0	23	30	1
1	39	36	1
1	54	34	0
1	76	25	1
1	75	63	1
1	55	69	1
1	32	71	1
1	64	39	1
1	48	72	0
1	30	49	1
0	45	60	0
1	77	47	0
1	48	73	1
0	33	67	0
1	53	40	0
1	69	76	1
1	53	66	0
0	22	73	1
1	72	26	0
0	25	77	1
0	19	42	0
0	36	58	0
1	79	64	0
0	25	79	0
1	55	36	1
1	48	70	1
1	69	59	0
1	79	41	0
1	37	62	0
1	72	48	0
1	66	62	0
1	69	61	1
1	71	28	1
1	78	63	0
1	53	57	0
1	61	59	0
0	56	64	0
1	44	43	1
0	24	49	0
1	70	41	0
1	69	56	0
1	35	60	1
0	18	77	0
1	50	30	0
1	65	18	0
1	51	48	1
1	52	76	0
0	35	31	0
1	74	60	0
1	40	19	0
1	36	48	1
0	30	37	0
0	18	38	1
1	42	20	0
1	70	74	0
1	20	70	1
1	36	27	1
1	29	27	1
1	61	66	0
1	73	36	0
1	61	67	1
1	54	64	0
1	57	24	0
0	23	40	1
0	36	66	0
0	38	71	0
1	67	22	1
1	47	20	1
1	49	21	0
1	74	78	1
1	59	32	1
1	70	70	0
1	69	29	0
0	29	57	0
1	32	57	1
0	25	42	1
1	59	44	1
0	34	37	0
1	72	21	1
1	49	77	0
1	42	67	1
0	46	71	0
0	22	32	1
1	51	26	1
1	59	48	0
1	62	44	0
1	34	63	1
0	27	70	1
1	55	40	0
0	26	69	1
0	28	32	0
1	58	32	1
0	21	46	1
1	51	28	1
1	68	60	1
0	40	48	0
1	38	38	1
1	29	37	1
1	53	57	1
1	53	30	1
0	28	28	0
1	70	66	1
1	70	60	1
1	64	28	0
0	23	39	1
0	31	37	0
0	30	66	1
0	44	50	0
0	25	27	0
1	49	31	1
1	24	64	1
1	71	39	1
1	51	71	1
1	54	24	0
1	48	25	0
0	23	25	0
1	39	31	1
1	59	77	1
1	61	59	1
0	35	77	0
1	58	55	0
1	24	78	1
1	33	30	1
1	31	22	1
0	27	61	0
1	48	61	1
1	27	62	1
0	48	47	0
1	43	64	1
0	36	30	0
1	77	60	1
1	55	78	1
1	71	68	1
1	49	37	1
1	80	59	1
1	61	31	1
1	56	34	1
0	37	61	1
1	72	39	1
1	69	49	0
1	67	59	1
0	22	21	1
1	70	28	1
1	64	28	1
0	29	71	0
0	28	69	0
1	41	71	1
0	20	20	1
1	37	46	1
1	73	67	0
1	53	55	0
1	24	28	1
0	26	63	0
0	26	65	0
1	79	75	0
1	51	39	1
1	57	73	0
0	40	26	0
0	19	76	0
1	78	41	0
0	32	36	0
1	50	70	0
1	63	19	1
1	56	64	0
1	46	58	1
0	19	62	1
0	27	74	0
1	59	25	0
0	31	19	0
1	72	79	0
1	61	61	0
0	56	49	0
0	23	59	0
1	69	71	0
0	30	33	0
1	50	33	0
0	28	70	0
0	26	52	0
1	67	44	0
0	29	43	0
0	24	26	1
1	44	67	1
0	34	54	1
1	29	73	1
1	75	43	1
1	66	25	1
1	80	35	1
0	30	44	1
1	60	63	1
1	54	36	1
1	62	63	0
0	30	56	1
0	20	74	1
1	50	39	0
1	46	19	1
0	40	21	0
0	39	72	0
0	22	66	0
1	56	74	1
1	54	65	0
0	21	40	1
0	29	22	0
1	70	50	1
1	77	48	0
1	51	39	0
0	26	61	1
0	21	31	0
1	75	43	1
0	28	57	1
1	46	46	0
1	51	40	1
1	62	33	0
1	55	65	1
0	28	76	0
1	60	42	0
1	53	48	1
0	35	74	0
1	40	21	1
1	55	32	1
0	46	78	0
0	20	31	1
1	44	62	1
0	31	22	0
1	75	71	0
0	37	48	0
1	37	25	1
1	48	50	1
1	39	49	1
1	67	73	1
0	29	58	0
1	58	25	1
1	56	45	0
1	71	70	0
1	48	46	1
1	65	51	1
0	38	35	0
1	44	67	1
1	61	73	1
1	64	70	1
1	78	73	0
1	62	40	1
0	32	78	0
0	27	32	0
1	57	25	1
1	19	57	1
1	79	77	1
0	55	45	0
1	61	71	1
1	52	32	0
1	22	52	1
1	73	30	1
1	39	21	1
1	65	57	0
1	56	40	1
1	69	79	1
0	49	65	0
1	44	65	0
1	45	28	1
1	54	25	1
1	68	34	1
1	39	45	1
1	34	23	1
1	78	41	1
0	44	69	0
1	57	39	1
1	39	49	1
1	55	48	0
1	40	79	1
1	48	26	1
1	59	21	0
1	43	41	1
1	73	24	1
0	29	43	0
1	36	30	1
1	72	47	0
1	60	21	1
1	77	79	0
1	70	44	0
1	39	47	1
1	71	23	1
1	64	19	0
1	26	45	1
1	70	20	0
0	39	57	0
1	71	50	0
1	44	53	0
1	52	37	0
0	32	68	0
1	40	61	0
1	41	29	1
1	51	73	0
1	64	48	0
1	70	54	0
1	43	36	1
1	49	34	0
1	28	67	1
1	47	62	1
0	37	40	0
0	22	29	1
1	72	23	1
0	29	31	0
0	34	31	1
1	55	70	0
0	20	54	0
1	57	34	0
0	44	55	0
0	19	70	1
1	64	62	0
1	51	30	1
1	43	46	1
1	56	63	1
1	52	64	1
0	44	79	0
1	58	40	1
1	67	35	1
1	41	69	1
1	56	30	1
0	22	20	0
0	34	79	0
0	20	50	0
1	69	79	0
1	59	53	1
1	59	54	1
1	53	26	0
1	73	39	0
1	59	29	0
1	64	49	0
0	19	23	0
1	64	55	0
1	57	41	0
0	24	72	1
0	19	51	0
1	69	50	0
0	21	24	0
0	33	69	0
1	59	75	1
1	74	36	1
0	19	36	1
0	43	64	0
1	53	42	0
1	45	79	1
1	66	72	1
1	67	69	1
1	37	61	1
1	25	31	1
1	57	68	0
1	61	36	1
1	56	67	1
0	28	57	0
1	27	37	1
1	67	31	0
1	73	57	0
1	76	35	0
1	24	19	1
1	49	28	0
1	36	35	1
0	18	72	0
1	48	33	1
1	75	52	1
0	56	49	0
0	36	64	0
1	32	43	1
1	46	29	0
1	61	64	0
1	72	63	0
1	69	65	0
1	79	71	1
1	76	25	0
1	47	78	0
1	63	35	1
1	67	58	1
1	76	63	1
0	24	62	0
1	63	78	0
1	41	22	1
0	39	24	0
1	66	46	0
1	60	79	1
0	25	37	0
1	63	35	0
1	47	47	1
1	63	26	0
0	37	70	0
1	58	68	0
1	70	43	0
1	50	41	0
0	39	33	0
1	46	52	1
0	50	56	0
1	64	62	0
1	47	36	1
1	70	73	0
0	46	52	0
1	79	76	0
1	62	36	1
0	23	30	0
0	29	41	1
1	54	72	0
1	20	71	1
0	31	59	0
1	33	25	1
1	75	64	1
1	80	38	0
0	35	20	0
1	48	52	1
1	50	61	1
0	34	60	0
0	35	29	0
1	62	24	1
0	18	69	1
1	62	34	1
1	54	58	0
1	61	44	0
1	58	30	1
1	62	29	0
0	19	77	1
1	49	44	1
1	47	61	1
1	48	31	1
0	39	68	0
1	26	43	1
1	54	38	1
0	32	42	0
1	59	40	1
1	65	65	0
0	22	47	0
1	46	67	1
1	69	27	0
0	28	46	1
0	35	48	0
0	31	36	0
1	77	21	0
1	72	60	1
1	47	48	1
1	58	59	0
1	52	48	1
0	48	78	0
1	77	75	1
1	72	51	0
0	48	48	0
0	30	23	0
0	30	29	1
1	65	28	1
1	62	22	0
1	60	56	1
1	73	28	0
0	30	34	0
0	23	40	1
1	59	80	1
1	39	29	1
0	27	73	1
1	57	49	0
0	37	72	1
0	27	70	0
1	65	18	0
1	48	42	1
1	32	55	1
1	67	69	0
1	79	39	0
1	30	19	1
1	61	78	1
1	65	63	1
1	67	50	1
1	64	78	1
0	24	28	0
1	73	77	0
1	72	60	0
0	18	20	1
1	60	57	0
1	63	51	1
0	32	61	0
1	37	72	1
1	68	61	0
1	39	23	1
0	18	80	1
1	64	77	1
1	31	60	1
1	60	59	0
1	67	22	0
1	60	72	1
0	29	73	0
1	46	29	1
0	39	71	0
1	54	63	0
1	36	35	0
0	18	28	0
1	62	64	1
1	48	33	1
1	39	22	1
1	52	29	1
1	67	43	0
1	58	25	0
1	46	61	1
0	23	20	1
0	21	76	0
1	56	56	0
0	20	44	0
0	20	73	0
1	62	76	1
0	25	68	1
1	41	60	1
0	37	56	1
1	54	53	1
1	65	75	1
1	71	28	0
0	20	36	0
0	33	51	0
0	19	23	1
0	29	41	0
0	38	20	0
0	25	70	0
1	45	61	1
1	36	70	1
1	73	68	0
1	57	29	1
0	41	36	0
0	21	28	0
1	38	58	1
1	46	79	0
1	70	27	1
1	74	51	1
1	43	31	1
0	19	73	1
1	60	55	1
1	69	24	0
1	74	29	1
1	48	19	0
0	25	72	0
0	25	46	0
0	38	43	0
1	42	36	1
1	52	50	1
1	64	42	1
0	22	72	1
1	50	23	0
0	25	54	0
1	76	26	1
0	43	59	0
0	23	35	0
0	33	68	0
0	33	55	0
1	72	19	1
0	45	67	0
0	58	38	0
0	22	61	1
1	67	58	1
1	52	51	1
1	47	18	0
1	76	70	0
0	44	37	0
1	59	46	1
0	30	23	1
1	69	23	1
1	50	67	0
1	63	61	1
0	20	38	1
1	62	35	1
1	40	78	1
1	55	27	1
0	33	41	0
1	67	49	0
1	34	46	1
1	63	31	1
1	53	26	0
0	26	47	0
1	76	55	0
1	72	42	0
1	30	18	1
1	78	80	1
1	48	74	0
1	60	62	0
1	41	62	1
1	57	39	1
0	21	66	0
1	58	31	1
1	73	51	1
1	59	48	0
0	43	32	0
0	22	52	1
1	42	42	1
1	80	47	1
1	79	63	1
1	49	37	0
0	21	57	1
0	19	22	1
0	27	44	0
1	57	50	1
1	58	31	0
1	58	41	1
1	37	42	1
1	79	74	1
0	26	25	0
1	46	75	1
0	28	60	1
1	41	29	1
1	60	70	0
0	37	40	1
1	44	79	0
0	38	57	0
0	33	58	0
1	52	53	0
1	51	69	1
1	71	62	0
1	59	19	0
0	23	29	1
0	20	27	0
0	65	33	0
0	43	66	0
1	57	70	0
0	36	51	0
1	61	42	1
1	37	19	0
1	52	61	1
1	80	75	0
0	20	76	0
1	60	48	1
1	65	35	0
0	24	55	1
1	69	45	1
1	77	71	1
1	56	56	1
0	32	29	0
1	68	78	1
0	25	29	0
0	46	55	0
1	40	35	1
0	46	48	0
0	36	79	0
0	19	54	1
0	19	34	1
0	18	48	1
1	20	46	1
0	25	78	0
1	31	65	0
1	75	65	0
1	60	65	1
1	74	39	0
1	70	59	1
0	40	66	0
0	28	72	1
0	30	28	0
0	21	66	0
1	75	71	1
1	31	26	0
1	56	63	0
1	60	39	0
1	48	34	1
1	66	55	0
1	51	72	1
0	19	21	1
1	60	57	1
1	55	74	0
0	38	47	1
1	48	43	0
1	50	47	1
1	54	64	0
1	66	23	0
1	68	57	1
1	66	30	1
0	29	66	0
1	59	42	0
1	50	29	0
1	63	43	1
0	32	57	0
1	49	24	1
0	21	76	0
1	48	69	0
1	64	46	0
1	44	21	1
1	77	43	1
0	23	62	0
1	61	61	1
1	73	45	0
0	21	39	0
1	71	58	1
0	29	71	0
0	49	49	0
1	68	29	0
1	41	58	1
1	34	55	1
0	24	76	1
1	55	61	0
1	42	78	1
1	46	51	1
1	40	30	1
1	67	33	1
1	69	20	0
1	48	56	1
1	50	43	0
1	40	71	1
0	53	25	0
1	45	30	0
1	44	68	0
1	73	62	0
1	63	56	0
1	65	62	1
0	43	67	0
1	75	47	1
1	44	61	0
1	51	31	1
1	62	61	1
0	22	64	0
1	59	55	0
1	36	78	1
1	60	65	1
0	40	77	0
1	62	44	1
0	28	44	1
1	73	32	0
0	52	40	0
1	49	22	0
0	40	47	0
1	33	24	1
1	73	73	1
1	78	60	0
1	75	31	1
0	24	45	1
1	61	58	1
0	38	79	0
1	60	19	1
1	69	58	0
1	41	39	1
0	28	63	1
0	40	54	1
1	53	51	0
1	54	42	1
1	36	32	1
1	65	54	0
1	57	22	0
1	69	49	0
1	57	47	0
1	40	34	0
1	77	77	1
0	43	79	0
0	32	35	0
1	77	44	0
1	65	30	0
0	31	38	0
0	22	68	0
1	33	38	1
0	21	59	0
1	60	19	0
1	45	74	1
1	73	66	1
0	36	70	0
0	32	30	0
1	49	28	1
0	49	61	1
1	68	50	1
0	32	79	0
1	56	23	0
1	46	77	0
1	75	53	0
0	42	24	1
1	80	50	1
1	60	57	0
1	64	59	1
1	50	71	1
1	78	45	0
1	26	42	1
1	37	55	1
1	33	31	1
1	67	38	0
0	33	77	0
1	21	77	1
1	69	68	0
1	65	57	0
1	70	45	0
0	37	66	0
1	79	46	0
1	71	48	1
0	20	23	1
0	24	49	0
1	38	50	1
1	29	27	1
1	51	33	1
1	39	77	1
1	71	71	0
0	27	77	1
1	75	75	0
1	29	55	1
1	69	46	1
0	37	29	1
1	40	47	1
0	24	73	1
1	70	78	1
1	54	31	0
1	55	52	1
0	19	41	0
1	47	34	1
0	33	38	0
1	69	63	1
1	76	64	0
0	27	42	0
1	57	64	0
1	70	27	1
1	53	57	1
1	68	50	0
1	31	26	1
1	63	60	0
1	62	77	1
0	30	55	1
0	32	68	1
0	20	29	0
1	75	36	1
1	79	46	1
1	71	42	1
0	48	36	0
1	45	65	0
1	39	20	1
0	21	50	1
1	30	20	1
1	46	55	1
1	54	50	1
1	35	72	0
0	46	48	0
1	56	26	1
1	76	18	1
1	69	36	0
1	44	60	0
1	64	77	0
1	70	22	1
1	40	54	1
1	45	63	1
1	50	61	1
1	54	55	1
1	75	18	1
1	42	60	0
1	61	66	0
0	29	43	1
0	37	29	0
1	70	69	1
1	70	52	1
0	35	25	0
1	64	28	0
0	48	37	0
1	71	26	0
1	73	35	0
1	35	63	1
1	73	41	1
1	41	65	1
0	19	21	1
1	48	20	1
1	72	19	1
1	48	26	1
0	22	56	1
1	54	55	0
1	63	55	0
1	71	73	0
1	58	54	1
1	50	24	0
1	79	68	0
1	57	26	1
0	20	21	0
1	55	66	1
0	27	79	0
1	43	27	0
1	74	68	1
1	56	41	0
1	64	38	1
1	67	32	0
1	46	37	1
1	74	74	1
1	66	78	1
0	26	68	0
1	48	58	1
1	76	76	0
1	79	64	1
1	62	58	0
0	21	47	0
0	37	59	0
1	40	76	1
1	60	22	0
1	65	42	0
1	26	47	1
1	42	78	1
0	26	54	1
1	41	76	0
1	46	64	0
1	63	45	1
1	58	24	0
1	64	50	0
1	78	48	1
1	50	47	1
1	72	22	0
0	23	44	0
1	67	40	0
1	22	66	1
0	29	69	0
0	37	40	0
1	67	53	0
1	54	28	0
1	26	37	1
1	62	58	1
0	18	49	1
1	45	35	0
1	79	64	1
1	48	39	1
0	52	52	1
0	37	32	0
1	63	59	0
1	75	52	0
1	73	57	1
1	58	63	0
0	23	79	1
1	62	25	1
0	21	64	1
1	59	34	1
1	43	61	0
1	75	19	1
0	21	26	0
1	50	43	1
1	77	20	1
1	74	20	1
0	45	47	0
0	35	75	0
1	46	40	1
0	24	66	1
0	56	40	0
0	24	41	0
1	64	78	1
0	34	41	0
1	59	57	0
1	63	22	1
0	39	55	0
1	39	78	1
1	66	65	1
1	49	30	1
1	41	30	1
1	77	34	1
1	57	66	0
1	46	24	1
1	36	30	1
1	53	73	0
0	26	33	0
1	26	39	1
1	50	79	1
1	70	45	1
0	37	26	0
1	50	42	1
1	30	62	1
0	23	30	0
1	58	23	1
1	78	39	1
1	78	50	1
1	65	29	0
1	38	71	1
1	59	69	1
1	68	69	1
0	30	69	0
1	39	71	1
0	65	66	0
0	26	73	0
1	43	22	1
1	56	79	0
1	50	25	1
1	59	78	0
1	76	68	1
0	24	27	0
1	57	29	0
0	31	69	1
1	77	43	0
1	49	45	1
1	43	60	1
1	30	59	1
1	69	74	1
1	49	29	1
0	24	71	0
1	43	57	0
1	61	76	0
0	33	65	0
1	66	54	1
0	21	19	1
1	40	61	1
0	34	18	0
0	29	20	0
1	43	72	1
0	27	49	0
1	79	80	1
0	27	53	0
0	38	25	1
1	60	53	0
0	35	33	1
0	39	63	0
1	49	44	1
0	35	33	0
0	52	59	0
0	34	55	0
1	71	50	1
1	78	73	0
1	66	65	0
1	73	76	1
0	23	69	1
1	38	74	1
1	80	33	0
1	79	42	1
1	58	47	1
1	59	21	1
1	72	78	0
1	44	37	1
1	59	66	1
1	46	56	1
1	38	75	1
1	49	61	0
0	18	67	0
1	56	22	0
1	74	45	1
0	32	53	1
1	53	21	0
1	18	40	1
0	27	62	0
1	49	27	1
0	47	48	0
1	77	54	1
1	50	53	0
1	45	68	1
1	30	40	1
0	22	45	0
0	32	34	0
1	44	60	1
0	30	37	0
1	50	51	1
0	23	71	1
1	74	74	1
0	38	38	0
1	58	56	1
1	38	28	1
0	26	41	0
1	56	56	0
0	29	69	0
0	27	39	0
0	38	41	0
1	29	53	1
1	58	25	1
1	44	48	0
1	30	61	1
1	66	73	1
1	55	59	0
0	21	65	1
1	45	76	0
1	38	69	1
0	20	64	1
0	33	61	0
1	51	44	0
1	78	26	1
1	36	54	1
1	50	80	0
1	40	68	1
1	69	70	1
1	57	71	0
1	63	27	1
1	74	19	1
1	47	33	1
1	48	79	0
1	61	69	1
1	74	44	0
1	47	66	1
1	59	53	1
1	77	67	1
1	59	75	1
0	21	46	0
0	44	41	0
1	44	72	1
1	56	61	0
1	57	56	1
1	76	57	1
1	57	47	1
0	27	75	1
1	70	20	1
1	68	54	1
1	58	37	1
1	33	40	1
1	36	59	1
0	32	36	0
0	33	48	0
1	59	48	1
1	23	43	1
1	50	31	1
1	42	33	1
1	47	70	0
1	43	38	0
0	61	29	0
1	31	75	1
1	48	25	1
1	51	33	1
1	62	38	1
1	72	42	0
0	41	42	0
1	31	36	1
1	50	75	0
0	25	29	0
1	44	59	0
1	22	26	1
1	38	28	1
1	48	33	0
1	69	34	1
1	71	53	1
1	74	42	1
1	66	47	0
1	63	64	1
1	76	45	0
1	67	33	1
1	55	63	0
1	41	72	1
1	75	66	0
1	74	35	1
1	69	33	0
1	49	42	1
0	27	42	0
0	35	32	0
0	25	44	0
0	20	65	0
0	32	51	0
1	64	46	1
1	45	75	0
0	26	60	0
1	59	18	1
1	60	75	0
1	52	69	1
0	24	60	0
0	32	77	0
1	59	66	1
0	20	66	0
1	71	78	1
1	56	40	1
1	39	39	1
1	68	31	1
1	68	40	0
1	52	65	1
1	66	32	0
1	38	47	1
1	47	33	1
1	37	20	1
1	25	78	1
0	34	70	0
1	46	61	1
0	34	59	0
1	42	55	1
1	58	43	1
0	46	22	1
0	27	76	0
1	69	68	0
0	39	19	0
1	69	76	1
1	67	48	0
1	41	61	1
1	68	20	1
0	38	63	1
1	73	68	1
1	49	25	1
1	70	29	1
1	77	54	1
1	77	75	0
1	43	49	1
1	40	51	0
1	44	18	1
0	25	48	0
1	61	25	1
1	62	24	1
1	46	48	1
1	43	78	1
0	25	49	0
0	24	46	0
0	26	50	0
1	47	24	1
1	46	66	0
1	36	66	1
1	33	65	1
1	63	25	1
1	65	55	0
1	44	55	0
0	49	38	0
1	66	69	1
1	33	64	0
0	47	58	0
0	21	20	0
1	67	48	0
0	20	39	1
1	27	76	1
0	38	41	0
0	31	24	1
1	41	49	1
0	18	57	1
1	43	70	0
1	73	60	1
1	75	79	0
0	46	71	0
1	77	80	1
0	22	27	0
1	59	57	0
1	40	48	1
1	60	67	0
0	18	36	0
1	65	32	1
0	23	19	0
0	28	53	1
1	76	53	1
0	61	56	0
1	64	76	0
1	62	67	1
1	49	66	1
1	78	25	1
1	67	61	1
0	39	78	0
1	51	30	1
1	63	67	1
1	51	44	0
0	34	64	0
1	52	65	0
1	59	32	1
0	35	42	1
0	25	64	0
1	59	71	1
1	61	22	0
1	63	37	0
0	33	66	0
1	55	27	1
1	71	30	0
1	62	77	1
1	56	38	1
1	58	62	0
0	24	74	0
0	26	47	0
1	51	60	0
1	40	25	1
1	80	56	0
0	27	37	1
0	27	48	1
1	71	36	0
0	18	63	1
1	40	64	1
1	58	37	0
0	28	71	0
1	71	58	1
1	64	67	1
1	44	78	1
0	38	75	0
1	67	71	1
1	66	56	1
1	76	42	0
1	71	79	0
0	31	56	0
1	28	70	1
1	44	31	0
0	43	80	0
0	35	39	0
1	66	31	1
1	62	76	1
1	25	71	1
1	78	71	1
1	49	76	1
1	60	71	1
1	35	32	1
1	36	57	1
1	50	70	1
1	68	70	0
0	57	54	0
0	21	23	0
1	34	41	1
1	54	24	1
1	59	30	0
0	44	31	1
1	64	54	1
1	49	66	0
1	61	34	1
1	68	38	0
1	58	43	0
1	77	22	1
1	33	24	1
1	57	64	0
1	41	42	1
1	70	70	0
0	20	30	1
1	75	52	1
0	19	73	0
1	79	74	1
0	44	77	0
1	72	65	1
1	76	53	0
1	36	47	1
1	69	54	1
1	53	72	1
0	25	21	1
1	25	63	1
1	78	71	1
1	68	73	1
1	59	19	1
1	70	38	0
1	44	60	1
0	26	30	0
1	71	41	1
0	49	80	0
0	39	49	0
1	40	33	0
0	29	50	1
1	45	41	1
1	56	61	1
0	18	59	1
1	69	71	0
1	63	59	1
1	59	61	0
1	40	64	1
0	33	46	1
1	58	73	1
0	27	71	0
1	56	34	1
1	69	52	0
1	34	37	1
1	41	30	1
0	23	79	0
1	77	34	0
1	56	46	1
1	59	29	0
0	32	71	0
0	33	64	0
0	39	30	0
0	72	77	0
1	46	30	1
1	72	72	1
1	72	71	1
1	53	29	1
1	68	20	1
1	66	57	1
1	72	68	0
1	63	60	0
1	74	39	1
1	67	72	0
1	53	75	0
0	23	60	0
1	40	66	1
1	77	20	0
0	42	36	0
1	72	36	0
0	20	47	0
1	54	69	1
0	25	59	0
0	24	41	1
1	60	57	1
0	55	66	0
0	41	79	0
0	39	64	1
1	50	56	1
1	70	51	1
1	27	77	1
1	48	58	0
0	33	78	0
1	37	46	1
1	68	47	1
1	56	43	1
0	29	79	1
0	43	43	1
1	53	58	0
0	31	40	0
0	19	62	1
1	71	25	0
0	36	21	0
1	51	44	0
1	60	75	0
1	64	56	0
1	75	78	1
0	45	21	0
1	41	50	1
1	42	47	1
1	79	32	0
0	29	71	0
0	41	49	0
0	32	26	0
0	23	45	1
0	27	78	0
1	48	19	0
0	38	31	0
1	37	44	1
0	32	21	1
1	48	66	1
0	42	59	0
1	71	75	1
1	47	62	1
1	45	42	1
1	58	66	1
1	44	35	1
1	69	25	1
1	56	39	1
1	70	73	0
1	78	75	1
0	37	79	0
1	42	55	1
1	72	60	1
0	24	26	0
1	64	70	0
1	33	58	1
1	64	56	1
0	29	34	1
1	65	48	0
0	22	24	0
1	69	22	0
0	37	71	1
0	22	47	0
1	26	60	1
1	55	68	0
0	30	79	0
1	41	49	1
1	70	32	1
1	79	19	1
1	39	77	1
1	54	77	0
1	49	60	1
1	76	36	1
1	62	49	1
0	19	54	1
1	32	62	0
0	20	51	0
1	69	72	1
1	74	52	1
1	59	67	0
1	67	28	1
1	44	79	1
0	22	44	0
1	62	65	1
1	79	27	1
1	53	42	1
0	25	48	0
1	40	76	1
1	53	63	1
0	27	41	0
1	73	42	1
0	30	28	0
1	48	32	1
0	30	71	0
1	45	61	1
1	72	57	0
0	27	68	0
0	19	35	1
1	31	49	1
1	45	18	1
1	72	22	0
1	68	73	0
1	44	43	0
1	44	38	1
1	55	69	1
1	56	70	0
0	20	50	1
1	67	59	1
1	27	66	1
0	31	57	1
1	77	42	0
1	41	51	1
0	48	66	1
1	77	26	1
1	69	79	1
0	22	70	1
1	77	40	1
1	36	59	1
0	20	27	1
1	50	64	1
1	59	76	1
1	70	77	0
1	53	44	0
1	57	34	1
0	26	72	0
1	67	30	1
1	75	48	0
1	55	31	1
1	23	64	1
1	56	57	1
0	37	79	0
1	65	46	1
1	74	60	0
1	49	52	1
1	76	39	0
1	68	56	1
1	57	71	1
1	48	58	1
1	79	59	1
1	61	29	0
0	70	31	0
1	42	26	1
1	50	57	1
0	23	30	0
1	40	59	0
1	55	30	1
0	32	48	0
1	66	57	1
1	42	21	1
1	77	46	0
1	66	66	1
1	78	59	1
1	40	64	0
1	41	68	0
1	75	36	1
0	23	75	0
1	54	71	1
0	22	44	1
0	19	21	0
0	45	29	0
1	52	61	1
1	75	55	1
1	48	77	1
1	50	30	0
1	61	52	0
0	29	32	1
0	32	62	0
0	21	72	1
1	37	67	1
0	19	52	0
0	33	42	0
1	50	54	0
0	48	52	0
1	73	39	0
1	65	30	1
1	68	59	1
1	18	57	1
1	45	64	1
1	52	56	1
1	39	45	1
1	78	39	0
1	46	71	0
1	49	23	0
1	57	36	0
1	78	21	1
0	33	30	1
1	43	66	1
1	58	47	1
1	70	60	0
1	53	54	0
1	56	58	1
0	46	79	0
1	37	71	1
0	25	20	0
0	35	41	0
1	72	24	0
1	53	20	0
1	50	27	0
0	20	72	1
1	52	62	1
1	41	32	1
0	51	77	0
1	36	63	1
0	22	74	1
0	43	55	0
1	80	46	1
1	46	36	1
1	43	70	1
0	39	60	1
1	78	78	0
1	77	27	0
1	76	20	0
0	21	69	1
1	27	36	1
1	70	31	0
1	76	28	0
1	68	71	1
1	66	50	1
1	21	27	1
1	60	26	0
1	65	54	0
0	29	34	0
0	30	61	0
1	30	53	1
0	48	59	0
0	35	62	0
1	34	32	1
1	45	64	0
0	43	65	0
0	19	75	0
1	30	73	1
0	18	74	1
0	18	69	1
0	42	54	0
1	77	33	0
0	61	75	0
1	69	41	0
1	51	65	0
1	71	56	1
1	54	56	1
0	38	32	0
1	57	64	0
1	68	64	1
0	52	72	0
1	53	75	1
1	71	28	0
0	54	28	0
1	70	31	1
1	70	61	0
1	65	30	0
1	68	56	0
1	77	57	0
1	46	69	1
1	36	34	1
0	37	62	1
1	42	72	1
1	28	73	1
1	31	47	1
0	31	29	0
1	71	64	0
0	45	56	0
0	25	24	0
1	55	23	1
1	40	58	0
0	38	68	0
0	44	50	0
1	66	58	1
0	35	44	0
1	33	50	1
0	24	24	0
1	56	23	0
1	63	31	1
0	32	67	0
1	68	33	1
0	25	61	0
0	24	37	0
1	33	35	1
1	54	57	0
1	60	66	1
0	18	49	0
1	33	29	1
0	31	36	0
1	50	78	0
1	31	70	1
1	58	53	0
0	26	73	0
1	43	21	1
1	24	62	1
0	28	49	1
1	75	51	1
1	76	41	0
1	56	24	0
1	79	40	0
1	61	50	0
1	58	22	0
1	27	72	1
1	73	56	0
1	55	46	1
1	58	24	0
0	19	34	0
1	51	54	0
1	49	42	1
1	60	63	1
1	55	27	0
0	30	71	0
1	45	24	1
1	74	27	1
0	52	25	0
0	19	75	0
1	41	75	1
1	59	65	1
0	23	30	0
1	65	62	0
1	43	37	1
0	25	65	0
1	29	57	1
1	55	40	0
1	43	32	1
1	31	78	1
1	64	44	0
0	35	44	0
1	55	78	0
0	23	44	1
1	73	41	0
0	22	51	0
0	48	40	0
1	62	63	1
0	32	76	1
1	62	71	0
1	48	39	1
1	62	33	0
1	80	31	1
1	39	18	1
1	79	48	1
1	77	69	0
1	57	78	0
0	21	80	1
0	59	73	0
1	38	66	1
1	48	41	1
0	21	26	0
1	31	60	1
1	67	34	1
1	67	60	1
0	39	22	0
1	57	24	1
0	19	51	1
0	22	77	0
1	39	21	1
1	38	34	1
1	72	72	1
1	65	52	1
1	47	21	1
0	43	76	0
1	64	57	1
0	63	18	1
0	25	79	0
1	71	51	1
1	76	39	1
0	41	42	0
1	47	36	1
1	73	62	0
1	63	29	1
0	33	27	0
1	62	51	0
1	35	66	1
1	62	33	0
1	69	41	0
1	54	49	0
1	80	55	0
1	58	50	0
0	26	58	0
1	65	34	1
1	48	77	0
1	35	42	1
0	28	68	1
0	21	44	0
0	23	42	0
1	53	57	1
1	42	58	1
1	51	63	1
1	65	57	1
1	61	46	0
1	78	36	0
1	58	38	0
1	39	77	1
1	71	33	0
1	48	56	1
1	71	27	1
0	33	26	1
1	69	24	1
1	75	28	1
1	49	18	1
0	25	36	1
1	63	56	0
1	69	19	1
1	42	57	1
1	60	47	0
0	28	61	0
1	69	40	0
0	18	80	0
1	60	61	0
0	20	45	0
0	33	60	0
1	56	46	1
1	66	41	1
1	29	66	1
0	25	77	0
1	67	73	0
1	43	67	1
0	46	36	0
1	58	21	0
0	24	28	0
1	76	52	1
1	50	71	1
0	29	26	0
1	35	78	1
1	46	48	1
1	69	20	0
0	34	56	1
1	62	27	1
1	50	24	1
1	48	29	1
0	32	22	0
1	48	61	1
1	29	78	1
1	54	49	1
1	71	64	1
0	18	75	1
0	30	32	1
0	32	24	0
1	67	30	1
1	51	23	0
1	61	65	0
1	69	55	1
0	20	34	0
1	60	49	1
1	69	21	1
1	46	22	1
0	39	44	0
1	63	30	1
0	18	73	1
0	44	31	0
1	56	28	1
1	39	27	1
1	26	65	1
1	72	22	1
0	35	45	0
0	26	38	1
0	32	25	0
0	29	21	0
1	69	51	0
0	19	23	0
0	23	25	1
0	56	28	0
1	45	75	1
1	74	18	0
1	50	74	0
1	49	70	1
1	66	33	1
0	41	41	0
1	51	54	1
0	19	34	0
1	70	57	0
1	58	63	1
0	52	39	0
1	59	50	1
1	79	66	1
1	77	56	0
0	19	53	0
1	34	34	1
1	79	73	0
1	60	30	0
0	18	75	1
0	57	60	0
1	78	66	1
1	67	68	0
0	53	53	0
1	60	45	0
1	44	80	0
1	43	72	1
0	28	56	0
1	44	48	1
1	51	57	1
1	63	67	1
1	45	53	1
0	30	73	1
1	57	53	0
1	58	33	1
1	53	68	1
0	29	76	1
1	79	56	1
1	67	21	1
1	43	31	0
0	33	52	0
1	44	46	0
1	66	72	1
1	76	68	0
1	67	50	0
1	80	41	0
1	51	38	0
1	78	54	1
1	65	51	0
0	42	56	0
1	58	49	1
1	31	61	1
0	65	68	0
1	73	37	0
1	59	41	1
1	41	29	1
1	49	40	1
1	76	80	1
1	61	47	1
1	54	54	1
1	28	69	1
0	25	30	0
1	38	50	1
1	62	56	1
1	29	42	1
1	55	73	1
0	30	74	0
0	24	75	0
0	44	59	0
1	50	23	1
1	32	27	1
1	39	48	0
1	57	71	0
1	32	69	0
0	19	54	1
1	56	55	0
0	19	32	1
1	29	37	1
1	80	43	0
1	49	79	0
1	78	43	1
0	22	31	0
1	80	63	0
0	30	33	1
1	42	59	1
1	64	47	1
0	52	65	0
0	18	47	0
1	75	43	1
1	54	70	1
1	62	29	1
1	74	76	0
1	76	19	1
0	55	52	0
1	75	63	0
0	48	22	0
1	44	27	0
0	18	41	0
1	77	21	1
1	66	28	1
1	63	46	0
1	62	74	0
0	33	48	0
1	47	34	0
1	71	77	0
1	69	64	0
1	77	31	0
1	65	66	0
1	70	43	0
0	31	80	0
0	20	53	0
1	20	21	1
1	49	76	1
0	39	70	1
1	33	72	1
1	65	39	0
0	34	25	1
1	46	27	1
0	39	34	0
1	71	57	0
0	35	67	1
0	24	58	0
1	46	80	1
1	46	20	1
1	28	44	1
0	19	59	1
1	61	65	1
1	58	38	1
1	39	62	1
1	23	28	1
1	78	36	1
1	56	25	0
1	60	51	1
0	21	22	1
1	77	79	0
1	66	71	0
1	51	51	1
1	58	65	1
0	22	60	0
0	31	28	0
1	77	42	0
1	72	31	0
0	20	47	0
1	71	29	1
0	32	37	0
1	51	74	1
1	76	74	1
0	26	76	0
0	44	25	0
1	65	50	1
1	61	64	0
1	69	47	0
1	76	73	0
1	60	75	0
0	43	74	0
1	60	52	1
0	28	79	1
0	35	71	0
1	60	60	0
0	21	44	1
0	29	36	1
1	46	30	1
1	55	73	1
1	75	27	0
1	59	53	0
1	63	55	0
0	25	50	0
1	75	28	0
0	22	29	0
1	55	48	0
1	72	74	1
1	39	31	1
0	41	26	0
1	41	47	1
1	76	56	0
1	52	22	1
1	46	72	1
1	26	42	1
0	32	67	0
1	71	26	1
1	62	60	1
1	33	43	1
1	51	25	0
1	56	53	1
0	32	80	0
1	62	23	0
1	56	45	1
1	75	55	0
1	37	22	1
1	49	37	1
0	25	30	0
1	78	41	0
1	69	53	1
1	31	47	1
0	35	67	0
0	30	64	1
0	24	34	0
1	67	75	1
1	22	78	1
1	62	74	1
1	50	24	0
1	58	49	1
1	56	24	0
1	72	79	0
1	51	74	0
1	75	49	0
1	58	36	0
1	67	74	1
0	33	18	0
1	70	30	0
1	68	31	0
1	78	18	1
1	64	24	1
1	45	60	1
0	41	54	0
1	28	33	1
1	44	69	1
1	64	50	1
1	22	28	1
0	32	48	0
1	71	74	1
1	68	71	0
1	50	37	1
0	22	36	1
0	31	48	1
1	58	27	1
1	33	19	0
0	24	66	0
1	52	77	0
1	53	64	1
1	51	64	1
1	69	77	1
1	62	79	0
1	55	54	1
1	60	73	0
0	49	22	1
1	76	58	1
1	40	61	0
1	67	66	1
1	78	54	1
1	49	43	0
1	34	40	1
1	69	53	0
1	48	50	1
1	33	77	1
1	59	80	0
1	56	36	1
1	65	52	1
1	48	69	1
1	61	34	1
0	37	36	0
1	66	40	1
1	47	79	1
0	24	65	1
1	33	43	1
0	45	25	0
1	35	22	1
1	57	35	1
1	42	33	1
1	46	37	0
1	29	65	1
0	19	75	0
1	73	78	1
0	27	41	0
1	60	73	1
1	68	57	0
1	80	20	0
0	46	30	0
1	79	23	1
1	24	49	1
1	56	49	0
1	78	28	0
1	61	29	0
1	75	42	0
1	78	36	0
1	77	55	0
1	56	39	1
1	24	19	1
1	75	63	0
1	47	67	1
0	27	77	1
1	66	26	1
1	58	29	1
0	20	52	1
1	79	74	1
0	44	56	0
1	50	42	1
1	32	59	1
1	56	48	1
0	24	69	0
1	64	35	1
0	54	27	0
0	24	35	0
0	24	79	1
1	70	52	1
1	77	75	0
1	69	28	1
1	56	54	0
0	36	23	0
0	30	78	0
1	51	56	0
1	68	67	0
1	65	77	1
1	68	24	1
0	40	38	0
0	31	75	0
1	64	79	1
1	58	33	0
0	26	67	0
1	74	29	1
1	42	45	1
1	65	62	0
0	41	66	0
1	32	72	1
1	49	34	1
1	62	53	1
1	47	61	0
1	77	64	0
1	47	23	1
0	24	64	0
0	40	28	0
1	43	49	0
1	57	35	1
1	70	40	1
0	29	44	0
1	59	76	0
0	30	36	0
1	75	35	0
0	28	50	0
1	48	71	1
1	46	25	1
1	47	53	0
1	37	43	1
1	75	68	1
1	79	32	0
1	50	76	0
1	66	57	0
1	51	68	1
1	50	72	1
1	20	69	1
1	67	34	0
0	39	35	1
1	78	58	1
0	37	65	0
0	29	38	0
0	35	60	0
1	33	63	1
1	27	27	1
1	20	40	1
0	29	31	0
1	73	51	0
1	65	67	0
0	24	80	1
1	63	38	0
0	27	74	0
0	29	41	0
1	40	43	1
1	75	75	1
1	67	59	0
1	63	76	1
1	52	45	1
1	29	45	1
0	30	63	0
1	39	43	1
1	68	41	0
1	63	48	1
0	26	78	0
1	27	27	1
1	56	32	1
0	27	70	1
0	42	55	0
0	28	71	0
1	55	45	1
1	71	30	0
1	44	19	1
1	68	77	1
1	57	18	1
1	64	35	0
0	26	22	0
0	19	37	1
1	72	38	1
1	59	64	1
1	68	69	0
0	34	24	1
1	47	67	0
1	78	40	1
1	77	70	0
0	28	36	0
1	42	59	1
1	50	55	1
0	31	46	0
1	38	54	1
1	43	30	0
0	34	25	0
1	74	64	1
1	61	62	1
1	50	36	0
1	75	43	1
1	79	61	1
1	49	68	0
1	63	79	0
0	36	62	0
0	41	21	0
0	31	55	0
1	65	30	0
1	65	18	1
1	65	21	0
1	54	39	0
1	63	76	1
0	33	53	1
1	41	75	1
1	75	25	1
0	26	77	0
0	20	38	1
1	64	43	0
0	23	59	0
0	37	56	1
0	43	72	0
1	40	33	1
1	47	54	1
1	74	24	0
1	68	21	1
0	49	30	0
1	48	30	0
1	34	59	1
1	76	19	1
1	67	29	0
0	21	40	1
1	66	61	1
0	18	79	1
1	61	53	0
0	27	75	1
1	42	68	1
1	57	31	1
1	53	28	1
0	25	58	0
1	78	48	0
0	30	64	1
0	27	41	0
1	41	24	1
1	59	68	1
1	71	36	0
1	73	56	0
1	42	64	1
0	34	33	1
1	40	38	1
0	22	37	1
0	22	30	1
1	49	62	1
1	56	60	1
0	30	31	0
0	28	49	0
0	38	46	1
1	41	62	0
0	25	67	1
1	67	52	1
1	64	20	0
1	69	39	0
0	42	37	0
0	36	55	0
0	18	58	1
1	69	72	0
1	78	25	1
1	75	43	1
1	40	50	1
0	27	51	0
1	43	70	1
1	70	42	0
0	25	74	0
1	78	23	1
1	56	48	1
1	47	61	1
1	46	36	1
1	65	53	1
1	70	55	1
1	36	73	0
0	48	28	0
0	36	64	0
0	29	54	0
1	58	68	0
1	73	53	1
1	56	30	1
1	48	66	0
1	49	56	1
1	79	79	0
1	78	26	1
1	75	32	1
1	54	28	0
1	60	73	0
0	27	41	0
1	55	30	0
1	72	32	1
0	40	22	0
0	28	75	1
1	72	72	1
1	53	66	1
1	75	58	1
1	59	65	0
0	41	22	0
1	71	74	1
0	26	31	0
1	79	19	1
1	46	39	0
1	71	44	1
1	54	42	1
0	21	32	1
1	47	76	1
1	62	30	1
1	61	51	1
0	25	45	0
1	40	60	1
1	40	48	1
1	73	53	0
1	41	71	1
1	72	68	1
1	76	52	0
1	74	60	0
0	31	20	0
1	58	52	1
1	66	38	1
0	27	70	0
1	39	47	1
1	41	43	1
1	29	38	1
1	39	52	1
1	40	25	1
0	20	30	1
1	65	29	1
1	53	60	1
0	27	73	0
0	30	33	0
0	32	70	0
1	58	54	1
1	58	42	0
0	29	58	0
0	28	45	1
1	21	33	1
0	31	59	0
1	52	55	1
1	62	73	1
1	44	73	1
1	79	77	0
1	25	32	1
0	24	21	1
1	77	69	1
1	35	37	1
0	19	44	1
1	54	56	0
1	74	57	0
1	48	63	1
1	34	50	1
0	24	36	1
1	48	57	0
0	25	78	0
1	55	57	1
1	49	45	1
1	59	20	0
1	39	53	1
1	36	44	1
1	65	78	0
1	73	64	0
1	60	33	1
1	42	51	1
0	55	70	0
1	52	56	1
1	63	57	0
1	75	65	0
1	46	64	0
1	60	39	1
1	34	76	1
1	61	53	0
1	67	58	1
0	44	69	0
1	61	45	0
1	52	49	0
0	34	34	0
0	18	34	1
1	67	21	0
1	73	47	0
1	75	66	0
1	57	53	1
1	60	79	0
0	34	62	0
1	56	74	0
1	79	51	1
0	24	62	0
1	72	68	1
0	35	39	0
1	57	57	1
0	33	68	0
0	26	32	1
0	24	57	1
0	21	42	1
0	20	61	0
1	30	31	1
1	51	62	0
0	25	77	1
1	45	74	1
0	34	63	0
1	46	69	1
1	73	61	0
1	68	60	1
1	65	40	0
1	52	21	1
1	73	71	0
1	55	33	0
1	37	24	1
1	54	76	0
1	55	23	0
0	33	68	0
1	43	78	1
0	29	43	0
1	58	67	0
1	79	23	1
1	61	32	1
1	58	51	0
0	19	65	1
1	29	26	1
0	30	75	0
1	48	22	0
1	56	79	1
1	28	34	1
1	73	45	1
1	48	52	1
1	65	55	0
0	25	43	0
1	64	22	0
1	68	44	1
0	36	71	0
1	66	54	0
0	26	54	0
0	41	48	0
1	78	70	1
1	40	75	0
0	32	33	1
0	37	69	0
1	66	41	1
1	50	24	1
0	22	42	1
1	48	77	0
1	62	38	0
1	78	28	0
1	59	21	0
1	79	61	0
1	44	75	1
1	44	48	0
1	59	24	1
0	25	60	1
1	40	25	1
1	42	54	1
0	26	62	0
1	77	62	0
0	45	63	0
1	49	52	1
0	33	36	0
0	19	28	1
0	21	73	1
1	54	47	0
1	62	21	1
1	51	23	0
1	50	18	1
1	72	53	1
1	55	61	1
1	59	38	1
1	64	72	1
1	47	80	0
1	71	73	1
1	69	62	0
1	71	56	0
1	35	35	1
1	77	64	1
0	34	67	0
1	49	23	0
1	72	29	0
1	66	49	0
1	51	71	1
1	61	73	1
1	70	42	1
0	46	76	0
1	46	18	0
1	73	47	0
0	44	67	1
0	31	42	0
1	49	67	0
1	53	57	1
1	33	79	1
1	48	23	1
1	80	25	0
1	36	59	1
1	44	66	1
0	30	76	1
1	38	21	0
1	41	48	1
0	28	19	0
1	59	51	0
1	64	51	1
1	73	78	0
1	60	42	0
1	32	49	1
0	20	48	1
1	52	64	0
1	30	35	1
1	41	20	1
0	31	36	0
1	78	74	1
1	60	76	0
1	69	34	0
1	54	74	0
1	73	80	0
1	62	55	1
0	27	44	0
1	72	43	1
1	78	29	1
1	40	33	0
1	41	59	1
0	34	33	0
1	67	74	1
1	37	74	1
1	69	69	1
1	79	67	1
0	18	19	0
1	75	31	1
1	68	30	0
1	63	26	0
1	54	24	0
1	77	71	0
1	37	55	1
0	32	26	0
0	48	65	0
0	19	64	1
1	29	79	1
1	72	39	1
1	73	53	0
1	47	55	1
1	37	59	1
1	66	24	0
1	60	73	0
0	37	58	0
0	25	57	1
0	30	36	1
0	27	22	0
1	23	66	1
1	70	76	1
1	39	22	1
1	54	52	1
0	53	77	0
1	53	36	1
1	59	37	1
1	66	58	1
1	68	20	0
0	22	76	1
1	35	27	1
0	23	19	1
0	59	26	1
1	74	26	1
1	50	36	1
0	30	59	0
1	44	66	1
0	23	21	0
1	69	59	0
1	35	77	1
1	64	34	1
1	39	38	1
1	58	34	1
1	58	59	0
1	61	20	0
0	50	55	0
1	66	72	0
1	39	39	1
1	48	44	1
0	23	58	0
0	30	66	1
1	50	35	1
0	19	47	1
1	69	42	1
1	73	56	0
0	22	23	1
0	19	66	0
1	80	36	0
1	69	66	1
1	38	69	1
1	55	32	1
1	36	64	0
1	72	32	1
1	77	56	1
1	65	75	1
0	22	64	0
0	26	41	1
1	58	66	0
0	48	69	0
0	21	39	1
0	34	35	1
1	79	36	0
1	69	78	1
1	72	41	1
1	65	42	0
0	37	65	0
0	28	56	0
0	24	75	1
1	48	30	1
1	74	41	1
1	71	63	0
0	31	67	0
1	61	70	1
1	75	43	1
1	56	63	1
1	43	63	1
1	35	25	1
1	67	42	0
0	28	35	0
1	62	77	1
1	57	23	1
1	60	50	1
1	74	67	0
1	50	71	1
1	48	53	1
0	19	61	1
1	38	40	1
1	40	47	1
1	38	75	1
1	26	62	1
1	59	57	1
0	26	42	0
1	76	74	1
1	41	61	0
1	63	66	1
0	22	47	1
1	41	26	0
1	55	32	1
1	65	77	1
1	19	42	1
1	58	76	1
1	57	22	0
1	34	51	1
0	27	72	0
1	41	44	1
1	79	75	0
1	55	80	1
1	40	30	1
1	23	22	1
0	36	65	0
1	76	67	0
0	33	23	1
0	42	71	0
1	42	73	1
0	30	70	0
1	68	63	0
1	41	31	1
0	23	26	0
1	60	42	1
1	22	21	1
1	41	56	1
0	33	44	0
1	70	79	1
1	57	65	0
1	36	19	1
1	42	74	1
1	62	51	1
1	48	65	0
1	43	67	1
1	58	65	1
0	28	67	0
0	40	43	0
1	73	42	1
1	49	33	1
1	63	18	0
1	74	54	1
1	70	30	1
0	29	32	0
1	61	53	0
0	20	32	0
0	37	62	0
0	27	48	0
0	42	52	0
1	52	26	1
1	68	46	1
1	55	53	1
0	33	57	0
1	61	57	1
1	53	30	1
1	47	54	1
1	64	77	1
0	35	70	0
0	39	67	0
0	35	58	0
1	63	45	1
1	61	20	0
1	55	35	1
1	45	75	1
1	58	69	1
0	37	53	0
0	44	60	0
1	75	29	0
0	20	30	1
1	31	53	1
1	33	28	1
1	72	78	1
0	37	23	0
1	60	39	0
1	53	71	0
0	23	37	0
1	47	32	1
1	49	40	0
0	35	69	0
1	62	54	0
0	24	51	0
1	57	58	1
1	28	64	1
1	76	79	1
1	43	28	1
1	29	65	1
1	78	71	0
0	37	23	0
1	46	56	0
1	66	26	1
1	35	45	1
0	30	54	1
0	33	72	0
1	76	25	1
1	46	65	1
1	63	39	0
0	25	32	1
0	42	42	0
1	68	25	0
1	57	36	0
1	29	49	1
1	53	46	1
1	67	66	0
1	71	67	1
1	49	31	0
1	56	61	1
1	19	62	1
1	60	29	1
1	62	57	0
1	24	34	0
1	44	75	1
0	38	54	0
1	47	72	0
1	58	78	1
0	30	24	1
1	66	47	0
0	33	71	0
1	75	22	1
1	56	24	0
0	28	64	1
1	57	65	0
0	23	35	0
1	29	41	1
0	31	49	0
1	61	30	1
0	43	30	0
1	69	40	1
0	20	46	1
0	25	44	1
1	72	57	1
0	27	56	0
0	50	69	0
1	42	45	0
1	41	72	1
0	22	23	0
1	54	48	1
1	70	57	1
1	65	46	0
1	77	80	1
1	56	50	0
0	20	38	0
1	62	68	1
1	71	58	0
1	71	69	1
0	20	54	0
0	26	22	0
0	23	66	1
1	41	22	1
1	52	58	1
0	24	38	0
1	20	27	1
1	55	65	0
1	53	59	1
0	46	23	1
1	46	34	1
1	67	23	1
0	22	29	0
1	63	80	1
1	55	50	1
1	39	49	1
0	44	49	0
1	64	67	0
0	23	53	0
1	36	47	0
1	78	31	1
1	42	37	1
1	74	72	1
0	20	65	0
0	37	43	0
1	36	40	1
1	65	21	0
0	24	37	1
1	42	64	0
0	28	60	1
1	29	23	0
1	76	62	1
1	79	39	1
1	43	58	0
1	42	68	1
0	36	23	0
1	67	64	1
0	29	74	1
0	32	63	0
1	55	23	1
1	46	36	1
1	64	65	0
0	38	27	0
1	33	69	1
0	27	52	0
0	21	21	1
0	25	64	0
0	23	53	1
1	64	24	0
1	61	67	0
0	29	55	0
0	50	52	0
1	52	54	0
0	27	54	0
1	75	67	0
1	22	59	1
1	50	44	0
1	33	35	1
1	57	53	1
0	33	76	0
1	48	32	0
1	74	68	1
1	23	57	1
1	36	47	1
1	49	50	1
1	59	26	1
0	19	30	1
1	76	44	0
1	74	46	1
0	24	20	1
1	50	76	1
1	68	67	0
1	77	35	1
1	65	75	1
0	23	45	0
1	79	19	1
0	38	67	0
1	26	31	1
1	68	37	1
1	69	21	1
0	34	34	0
1	55	70	1
1	38	45	1
1	34	67	0
1	53	50	0
1	50	63	0
0	21	23	0
1	77	44	0
1	63	20	0
1	71	30	0
1	48	30	0
0	42	43	0
1	61	21	1
1	76	35	1
1	62	30	0
1	61	57	1
1	45	24	1
0	48	47	0
1	43	40	1
0	20	23	0
1	60	26	0
1	31	73	1
1	45	79	1
1	62	66	1
0	39	52	0
1	66	30	0
0	36	63	0
0	33	49	0
0	26	23	0
1	44	77	1
0	19	19	1
0	27	54	0
1	56	79	1
1	64	37	1
1	80	23	0
1	60	44	1
0	24	77	1
1	55	39	0
1	77	46	1
1	57	38	0
1	26	24	1
1	56	51	1
1	72	41	1
1	66	56	1
1	78	21	1
1	77	24	0
1	68	49	0
1	79	61	0
1	65	28	0
1	77	28	1
0	22	27	1
0	22	68	0
0	39	58	0
1	64	39	0
1	36	63	1
1	23	66	1
1	42	37	1
1	68	37	1
1	75	30	1
1	56	63	0
0	19	75	0
0	53	56	0
1	62	59	0
1	49	28	1
0	19	72	1
0	29	62	0
0	34	48	0
0	27	59	1
1	57	66	0
1	70	72	1
1	56	77	0
1	67	24	0
1	72	34	1
1	30	77	1
1	63	68	1
1	19	77	1
1	62	70	1
1	75	73	0
1	73	53	1
1	80	35	0
0	23	44	1
1	78	27	0
1	33	48	1
1	53	64	1
1	39	41	0
0	33	44	0
1	73	56	0
0	19	45	0
1	50	62	0
1	40	53	1
1	37	41	1
1	60	33	1
1	52	38	0
0	20	76	0
0	21	21	1
1	36	30	1
1	49	27	1
1	51	69	1
1	61	19	1
0	42	32	0
0	23	58	0
0	47	75	0
1	62	42	0
0	31	40	0
0	23	34	0
1	63	61	1
1	58	24	1
1	62	40	0
1	56	64	0
1	57	62	0
1	32	33	1
1	55	59	0
1	67	38	1
1	75	24	0
1	75	29	1
1	76	61	1
0	28	48	1
1	61	25	1
1	49	61	0
1	71	27	0
0	23	27	0
0	23	42	1
0	27	54	0
1	34	52	1
0	26	27	0
0	49	58	0
1	68	56	0
1	64	78	0
1	70	33	1
0	22	28	0
0	38	22	0
1	52	49	0
1	78	44	0
1	39	38	1
0	33	38	0
1	42	19	1
1	76	31	1
1	26	57	1
1	38	60	1
1	79	22	0
1	69	31	0
0	44	27	0
1	53	62	0
0	19	66	0
1	45	24	0
1	49	29	0
1	64	68	1
1	73	63	1
1	75	56	1
1	36	38	1
1	25	43	1
1	42	55	1
1	76	65	1
1	79	40	1
0	23	47	0
1	33	29	1
1	78	70	1
1	75	70	0
1	49	38	0
1	70	28	0
1	47	51	0
0	35	65	0
1	61	33	0
0	23	68	1
0	28	20	0
1	48	23	0
1	74	52	0
1	39	45	1
1	74	23	1
0	19	34	0
0	25	41	1
1	32	60	1
1	52	55	0
1	67	38	0
1	58	48	0
1	53	59	1
1	63	61	1
1	57	69	1
1	43	19	1
0	32	71	0
1	77	26	1
1	68	48	0
1	38	54	0
1	45	75	0
1	46	52	0
1	43	62	0
1	77	29	1
0	22	29	0
1	65	61	0
1	73	19	1
0	37	36	0
1	57	50	0
0	18	59	0
1	64	30	1
1	68	26	1
1	70	67	1
1	42	35	0
1	69	40	0
1	70	47	0
1	76	28	0
1	77	66	1
1	46	19	0
1	43	69	0
1	41	77	1
1	67	79	0
1	25	21	1
1	67	71	1
1	52	73	0
1	60	51	1
1	67	30	1
0	21	50	1
0	18	58	1
1	77	37	0
0	47	26	0
1	30	62	1
1	57	79	0
1	60	42	0
0	33	51	0
1	74	34	1
1	55	33	1
1	66	31	0
0	24	30	0
1	26	38	1
1	51	21	1
1	53	21	0
1	61	69	0
0	31	67	1
1	59	60	1
1	44	34	1
1	36	65	1
1	76	39	1
1	61	77	1
1	59	71	0
1	77	35	1
0	21	73	0
0	36	73	0
1	74	68	1
0	49	52	0
1	59	42	1
1	74	27	0
1	74	63	1
1	55	52	0
1	33	58	1
1	36	65	1
1	40	30	1
0	26	68	0
0	24	56	1
1	25	73	1
1	31	71	1
1	75	35	0
1	73	29	0
0	28	52	0
0	40	30	0
1	65	48	1
1	43	66	1
1	76	51	1
1	70	53	0
0	34	65	1
1	67	35	0
1	41	54	1
1	72	45	1
1	62	51	0
1	77	34	0
1	53	67	0
1	53	58	0
0	48	36	0
1	66	73	1
0	21	37	0
1	64	48	0
1	80	63	1
1	36	35	1
1	80	22	1
1	52	59	1
1	66	75	1
1	38	49	1
1	26	74	1
0	23	51	1
0	69	66	1
0	42	27	1
1	39	50	1
0	20	35	1
1	70	49	1
1	47	57	0
1	70	35	1
1	58	79	0
1	70	54	0
0	22	52	0
1	71	64	1
0	35	50	1
0	40	55	0
1	53	56	1
0	41	31	0
1	47	70	1
1	54	71	0
1	50	67	1
1	50	31	1
0	21	54	0
1	60	31	0
1	49	23	0
1	60	52	0
1	51	43	1
0	22	43	1
0	23	20	0
0	20	19	1
0	30	40	0
1	65	28	1
0	22	73	0
1	71	63	1
1	69	61	1
1	62	56	1
0	40	48	0
1	42	73	0
1	60	39	0
1	39	51	1
0	20	55	0
0	25	33	1
0	18	51	1
1	25	54	1
1	41	47	0
1	78	65	1
1	74	30	0
0	34	48	1
1	42	50	0
1	65	67	0
1	60	24	0
1	76	53	0
1	49	45	0
0	30	46	1
0	46	76	0
0	21	52	0
1	35	51	1
0	33	61	0
1	29	72	1
1	64	19	0
1	67	28	0
1	66	67	0
1	71	26	0
1	25	19	1
0	22	29	1
1	43	31	0
1	28	18	1
1	74	19	0
1	42	34	1
1	80	55	1
1	37	60	0
1	55	45	0
1	69	70	0
0	29	61	1
1	77	72	0
1	78	50	0
0	26	73	1
1	56	40	0
1	51	38	0
1	59	39	0
0	38	48	0
1	64	47	0
0	21	19	0
1	25	35	1
1	41	32	1
1	65	28	0
1	28	58	1
1	64	45	0
1	66	29	0
1	32	63	1
1	49	77	1
1	72	31	0
0	48	59	1
1	24	64	1
0	32	43	0
1	75	61	1
0	42	29	0
1	63	30	0
1	20	69	1
1	78	41	0
0	64	79	0
1	57	34	0
1	76	59	1
1	52	44	1
1	59	43	1
1	30	72	1
1	63	31	0
0	35	20	0
0	23	58	0
0	36	37	0
1	74	47	0
0	21	79	0
1	69	58	0
1	52	40	1
1	74	58	1
1	48	64	1
1	78	34	1
0	29	76	1
1	75	48	0
1	71	60	1
0	43	59	0
1	76	44	1
1	46	72	1
1	80	72	0
1	41	62	0
0	26	27	0
0	30	56	0
1	77	69	0
1	63	38	1
1	69	53	1
1	64	33	0
0	30	73	1
1	55	57	0
0	26	57	0
1	54	53	1
1	59	74	0
1	59	29	0
1	74	66	1
1	24	47	1
0	25	71	0
0	24	46	1
1	62	57	0
1	31	53	0
1	61	57	1
1	48	77	0
1	19	42	1
1	43	69	1
1	76	25	0
1	47	45	1
0	32	25	0
0	39	18	0
1	54	63	1
1	71	57	1
0	20	31	0
1	58	29	0
0	30	60	0
1	26	25	1
1	60	42	1
1	74	62	1
1	67	50	0
0	32	25	0
1	59	75	1
0	34	41	0
1	79	30	1
0	47	69	0
1	77	37	0
0	44	58	0
1	46	68	1
0	24	26	1
1	76	36	0
1	42	70	0
0	31	37	0
1	52	50	1
1	52	76	1
0	21	60	0
0	21	57	0
0	19	67	1
1	63	78	1
1	75	32	0
0	30	76	1
1	48	73	1
1	79	50	0
1	52	65	0
0	57	26	0
0	28	58	0
1	42	59	1
1	35	78	1